0.000000000000000000e+00,1.301371177942207025e+00,1.283343688738368682e+00,1.240514197244610539e+00,1.315345003778369160e+00,1.302450569682921833e+00,1.324968364174904156e+00,1.326361854242534832e+00,1.307412422459725665e+00,1.321763621444350889e+00,1.299068863200102175e+00,1.312193191771988898e+00,1.317727507128529485e+00,1.303059841480754599e+00,1.299729960692451280e+00,1.299544578843488729e+00,1.272170031619733521e+00,1.317235992830471991e+00,1.285892414135110240e+00,1.307493808052220929e+00,1.355604750689002325e+00,1.312422720271213539e+00,1.291468653990056170e+00,1.300282859530476731e+00,1.302077445041615711e+00,1.297502567069829471e+00,1.289601682965193286e+00,1.331302031490361415e+00,1.293837826179923267e+00,1.296881064104975501e+00,1.296018932841326077e+00,1.316103657910091762e+00,1.293939390908955156e+00,1.310958794379154746e+00,1.304772793638744766e+00,1.308581724629271248e+00,1.278453789977845423e+00,1.320179202995266587e+00,1.303488166591266539e+00,1.295120310205212677e+00,1.314057881358975610e+00,1.289615513997943275e+00,1.295081195935434915e+00,1.295504690335606446e+00,1.294083521246697233e+00,1.298298209594887842e+00,1.306697949626968169e+00,1.300106380658840211e+00,1.295019348808599480e+00,1.311936902477833122e+00,1.329064933642870594e+00,1.353859007634179656e+00,1.353859007634179656e+00,1.322241297469800347e+00,1.319032156794626154e+00,1.314486671943319029e+00,1.309171723985099733e+00,1.300629040639663447e+00,1.311391631170934824e+00,1.328482675393887646e+00,1.309348256350400863e+00,1.299637027268885081e+00,1.300827798265554280e+00,1.287615941422425303e+00,1.290483341128521255e+00,1.235661305065665294e+00,1.301697594906212396e+00,1.279540388299290399e+00,1.288940027784809317e+00,1.282489993611689583e+00,1.310169960903379671e+00
1.301371177942207025e+00,0.000000000000000000e+00,1.174955518295834223e+00,1.203294101174853914e+00,1.218388016581474442e+00,1.270940030972564028e+00,1.206790853526987339e+00,1.217588827049091549e+00,1.251764885274479377e+00,1.221010077529907312e+00,1.265031759709274839e+00,1.183776476066928485e+00,1.275235498046202620e+00,1.311846552748569206e+00,1.173270673525457441e+00,1.066090170335292742e+00,1.225990185937494870e+00,1.214780740053965857e+00,1.093887528163363321e+00,1.122304170331071660e+00,1.298147146918279260e+00,1.189685607900498931e+00,1.268389232855239079e+00,1.226449186426290971e+00,1.155365092395253868e+00,1.133083909210237827e+00,1.188561139835200064e+00,1.214828428949660033e+00,1.184832832531923286e+00,1.204739087770566153e+00,1.160079314017086194e+00,1.250441367376830648e+00,1.174693764149566721e+00,1.112829908015897207e+00,1.159733865842426548e+00,1.252925167156373920e+00,1.085687734339630728e+00,1.198083988069943873e+00,1.142447729399949097e+00,1.159017437299919795e+00,1.222743387844801743e+00,1.108015392302570401e+00,1.195462877860548279e+00,9.527819670744940295e-01,1.203067950601156788e+00,1.221699601366750487e+00,1.167755760656520980e+00,1.105981584944009777e+00,1.188000951664496485e+00,1.197425838673147780e+00,1.259720569106151045e+00,1.369683084137893081e+00,1.369683084137893081e+00,1.209561560479980535e+00,1.219615202385780250e+00,1.182943261952874137e+00,1.122796910937784443e+00,1.123891095981296884e+00,1.208782627136633980e+00,1.266167745983123982e+00,1.180575310128059163e+00,1.201920007796956735e+00,1.191343323640339236e+00,1.218401796860283159e+00,1.251496902096326469e+00,1.273985710967130647e+00,1.262113576880047772e+00,1.147983181261600150e+00,1.161703068053119514e+00,9.895662007581425001e-01,1.154724993002063549e+00
1.283343688738368682e+00,1.174955518295834223e+00,0.000000000000000000e+00,1.122708677108992914e+00,1.172838016139259310e+00,1.226154630362490394e+00,1.267012374594633783e+00,1.250123058307063495e+00,1.228012670068994616e+00,1.204809811951857546e+00,1.239548472869821616e+00,1.101420508584434188e+00,1.071684024343414032e+00,1.334113467353898352e+00,1.010349871211308814e+00,1.055588408543034928e+00,1.240154645834063096e+00,1.200422186945839353e+00,1.145971724567695915e+00,1.189867134373060020e+00,1.296368195399529633e+00,1.180511395413381681e+00,1.208579258504272058e+00,1.213318750525751666e+00,1.195487959587465898e+00,1.124802716883609666e+00,1.014562957883576644e+00,1.265091946805004142e+00,1.214173440424789696e+00,1.106714068329995637e+00,1.174423703955131071e+00,1.143776591455650360e+00,1.105952462155280980e+00,1.114771588428993709e+00,1.169067875056640782e+00,1.184462350039334755e+00,1.191520662841359934e+00,1.043158403981377713e+00,1.116689912884544889e+00,1.132294896338798207e+00,1.177898138200453193e+00,1.124258759486464587e+00,1.053718470446893152e+00,1.179378662023656599e+00,1.253116710489124319e+00,1.068001922535319226e+00,1.112519040894289324e+00,1.137926389973039853e+00,9.755562676318139115e-01,1.099528974679677695e+00,1.267956555143713082e+00,1.361688898108384782e+00,1.361688898108384782e+00,1.158666672274697884e+00,1.199464039012056782e+00,1.096094546520528068e+00,1.137339560821367002e+00,1.150733941982060582e+00,1.145581170950860095e+00,1.193223077125270315e+00,1.138523039015918226e+00,1.185693216904844416e+00,1.191835398274011970e+00,1.121394428639581164e+00,1.195800043248903988e+00,1.216869974950218536e+00,1.220153239831423875e+00,1.117291127627124681e+00,1.173892075089322029e+00,1.089214553826009624e+00,1.143987831782857123e+00
1.240514197244610539e+00,1.203294101174853914e+00,1.122708677108992914e+00,0.000000000000000000e+00,1.248965819936854960e+00,1.227483557861204222e+00,1.234637218863190000e+00,1.182656023324179184e+00,1.199359977506861519e+00,1.229921737394417125e+00,1.200802027276937078e+00,1.063845184800450649e+00,1.231102784962829322e+00,1.300859035766104954e+00,1.180338737107959446e+00,1.162704114204859529e+00,1.231703634045421714e+00,1.135380203142458466e+00,1.120193514550282154e+00,1.138205804379567532e+00,1.293313768386907592e+00,1.188991889817800018e+00,1.265338964808714994e+00,1.202688600751272485e+00,1.088318456864489470e+00,1.103376288236205927e+00,1.174577882462821243e+00,1.141984559067781291e+00,1.146147960190422754e+00,1.051680084082277755e+00,1.147385839998631862e+00,1.218797731969660569e+00,1.108421704476445058e+00,1.102551600523582698e+00,1.160714190049193961e+00,1.140755550753957515e+00,1.194675507040687368e+00,1.138058786351874296e+00,1.118122030280413570e+00,1.164774712596592821e+00,1.162555936187575245e+00,1.132245170375212551e+00,1.191445226032587623e+00,1.156389818027176331e+00,1.115717838283735164e+00,1.065854943502861696e+00,1.169986430394910792e+00,1.082720923259172352e+00,1.176916220166812410e+00,1.194518525494253414e+00,1.223944244015741090e+00,1.353623464898215500e+00,1.353623464898215500e+00,1.177423989764181833e+00,1.208867408018341250e+00,1.156940052432965160e+00,1.072547990024420583e+00,1.084753246739967425e+00,1.118683930368962631e+00,1.269801335052947344e+00,1.129774375078115733e+00,1.202206400549132415e+00,1.137301834570595416e+00,1.195454552867946552e+00,1.215625352636998224e+00,1.274588711395803431e+00,1.175829913551610595e+00,1.167101831229063524e+00,1.076066000823193036e+00,1.093085557542175179e+00,1.095144430392623436e+00
1.315345003778369160e+00,1.218388016581474442e+00,1.172838016139259310e+00,1.248965819936854960e+00,0.000000000000000000e+00,1.257333503169665745e+00,1.254481666823082930e+00,1.271365965898241468e+00,1.241576344311686286e+00,1.244674797843912772e+00,1.238916547473450924e+00,1.216372640478724731e+00,1.295743321282935900e+00,1.350694296525839055e+00,1.185301511496234195e+00,1.206975911767774745e+00,1.211109383680847085e+00,1.231536899728222778e+00,1.154397047495060002e+00,1.222952884391928841e+00,1.292991615827601581e+00,1.193049908846475438e+00,1.288849795901648942e+00,1.158900948549275167e+00,1.182853747006994860e+00,1.198490708365259616e+00,1.104274556675449714e+00,1.279311140959333182e+00,1.259508572334532062e+00,1.221513405137294006e+00,1.214123065983159666e+00,1.225215583678173070e+00,1.235039944955642621e+00,1.231017153213582294e+00,1.231916465769331115e+00,1.233561632896867710e+00,1.232190071709212909e+00,1.209843674783330547e+00,1.188755984251433029e+00,1.217295636400520520e+00,1.231611577467533136e+00,1.226624862419858575e+00,1.230839153096192851e+00,1.183657761660607433e+00,1.258834992306669953e+00,1.232041953698994607e+00,1.227163097457014906e+00,1.143098153415042173e+00,1.217843611430516004e+00,1.206178604000400334e+00,1.296985114482582579e+00,1.371171548005133634e+00,1.371171548005133634e+00,1.249631668273692986e+00,1.207957115560023498e+00,1.178243518468744311e+00,1.169015571457024727e+00,1.181130193514676741e+00,1.204042733292432610e+00,1.282858618683314189e+00,1.186070615967590225e+00,1.249025038971960155e+00,1.215211338458014323e+00,1.200636650284822249e+00,1.240058735682753710e+00,1.219408307843856898e+00,1.237139345151828662e+00,1.209612727405187549e+00,1.088940025330918715e+00,1.216135805809969384e+00,1.198729596614401149e+00
1.302450569682921833e+00,1.270940030972564028e+00,1.226154630362490394e+00,1.227483557861204222e+00,1.257333503169665745e+00,0.000000000000000000e+00,1.253249601943562164e+00,1.285336114151440556e+00,1.265647006092128102e+00,1.285689557743382672e+00,1.194259126752783340e+00,1.252764506570057446e+00,1.280337352987750199e+00,1.345651954856883714e+00,1.207211523635368877e+00,1.247105542635691178e+00,1.261827154923945704e+00,1.293739879074061294e+00,1.244492258134140661e+00,1.232863150307369704e+00,1.315435541465683311e+00,1.255020441150797694e+00,1.252336721788388951e+00,1.272630970727994359e+00,1.264098812499068636e+00,1.209906254687191929e+00,1.228582691645288660e+00,1.265075959204285949e+00,1.281027019837188918e+00,1.165750741435472415e+00,1.202495026817437918e+00,1.239044102489867294e+00,1.246697100248988610e+00,1.232384028342693894e+00,1.248347500313858882e+00,1.211719000181456396e+00,1.292720130267354772e+00,1.248055894492853923e+00,1.250132458905279798e+00,1.239601155439782776e+00,1.256979155602836906e+00,9.293442419755155726e-01,1.221316733321966996e+00,1.250574783418567648e+00,1.282407780162421407e+00,1.218247300029748237e+00,1.248270197388973823e+00,1.228938271611537791e+00,1.231279008152391885e+00,1.202740465885626220e+00,1.149648024871122054e+00,1.315072109598195871e+00,1.315072109598195871e+00,1.272131406181639335e+00,1.158882780519924660e+00,1.232205931985784542e+00,1.226481643768284169e+00,1.232044979504372861e+00,1.215643060429793643e+00,1.268691416323870724e+00,1.233441441262312921e+00,1.256303254170779482e+00,1.249915528973547962e+00,1.169711039235277639e+00,1.086006445473608695e+00,1.252801629565303498e+00,1.080651312664722585e+00,1.276062551974309844e+00,1.247824827640300782e+00,1.271281539555419116e+00,1.246229100263302803e+00
1.324968364174904156e+00,1.206790853526987339e+00,1.267012374594633783e+00,1.234637218863190000e+00,1.254481666823082930e+00,1.253249601943562164e+00,0.000000000000000000e+00,1.243206205535904774e+00,1.260360228944685357e+00,1.299458977115434788e+00,1.284037675506106035e+00,1.260012579746055295e+00,1.286205963616283254e+00,1.326185601401975722e+00,1.258992634349680007e+00,1.235583963697954202e+00,1.274628807788745766e+00,1.272615888228427528e+00,1.209379192961908212e+00,1.257465780664015043e+00,1.311805073809470645e+00,1.248034253103123215e+00,1.307848236810339237e+00,1.258167936617945903e+00,1.236473952456049075e+00,1.221199775140093591e+00,1.264575660357718512e+00,1.272554784936754668e+00,1.229541716809458451e+00,1.251138537236114789e+00,1.225965299069518677e+00,1.274517850792222795e+00,1.203532857510594578e+00,1.251894300789860637e+00,1.240446929502257101e+00,1.262100224210512822e+00,1.250186428256760296e+00,1.260656076139634818e+00,1.228010655280664221e+00,1.251898106467808969e+00,1.252177955132078191e+00,1.227012760905640487e+00,1.245879400798876047e+00,1.224508195373036123e+00,1.237229641778401446e+00,1.264975610532869776e+00,1.264878791874203268e+00,1.228755907844302220e+00,1.264177502050787494e+00,1.250662857789534677e+00,1.285788942329680440e+00,1.350501738399137341e+00,1.350501738399137341e+00,1.252287855470618272e+00,1.269189740354929485e+00,1.211009124615593846e+00,1.208185705885382877e+00,1.228060637191417559e+00,1.183517315807558257e+00,1.310645917794807769e+00,1.240586682082140069e+00,1.253492818741859249e+00,1.218526848562886178e+00,1.240941551962184475e+00,1.270111467643096903e+00,1.287314946415833550e+00,1.259865415030999136e+00,1.240644007038818497e+00,1.240634860052579835e+00,1.246347161901907974e+00,1.247280247192962266e+00
1.326361854242534832e+00,1.217588827049091549e+00,1.250123058307063495e+00,1.182656023324179184e+00,1.271365965898241468e+00,1.285336114151440556e+00,1.243206205535904774e+00,0.000000000000000000e+00,1.269313568311932539e+00,1.235958269651629138e+00,1.213140604776877129e+00,1.185815303298152656e+00,1.269444621536856888e+00,1.298876255055676943e+00,1.216304158792836043e+00,1.132148142971477700e+00,1.211214012266456308e+00,1.230046697649664900e+00,1.213422372146282235e+00,1.223440728837607017e+00,1.298064824372308745e+00,1.167077850889962853e+00,1.322944128785797036e+00,1.219984781897033077e+00,1.141316361740228214e+00,1.138005202454881681e+00,1.202297806421852577e+00,1.185028214734810348e+00,1.201212228156431250e+00,1.210133190688229776e+00,1.170210462971757348e+00,1.259912699867178576e+00,1.205421969121742931e+00,1.183812233278778381e+00,1.197843244383246963e+00,1.233905563753349144e+00,1.201112958313833134e+00,1.180633494048922039e+00,1.175723716627405269e+00,1.234488224808668155e+00,1.226768770139294196e+00,1.077895248952267071e+00,1.231636167791589020e+00,1.206175726507680235e+00,1.194700090946832827e+00,1.144355991666794248e+00,1.140956268794873552e+00,1.161331915309412377e+00,1.235716601650938440e+00,1.213863440378731617e+00,1.269735485156634924e+00,1.348889092228319875e+00,1.348889092228319875e+00,1.166880234891086721e+00,1.191781810356378424e+00,1.210784418416698704e+00,1.135039408766404190e+00,1.138551785174396924e+00,1.171333221171019678e+00,1.262691382963166520e+00,1.202075451100695025e+00,1.196900177058211723e+00,1.111899017879464102e+00,1.239958002996848885e+00,1.235338897613426745e+00,1.301857643169218592e+00,1.240060745895191108e+00,1.198875954797591126e+00,1.102210294014379643e+00,1.154191714785447909e+00,1.146808587549497105e+00
1.307412422459725665e+00,1.251764885274479377e+00,1.228012670068994616e+00,1.199359977506861519e+00,1.241576344311686286e+00,1.265647006092128102e+00,1.260360228944685357e+00,1.269313568311932539e+00,0.000000000000000000e+00,1.301702132787924793e+00,1.273101208073729618e+00,1.230744577819429031e+00,1.274682454069455240e+00,1.314985860632096770e+00,1.238157835485963476e+00,1.212588525089663083e+00,1.220118291407881639e+00,1.250065586728000389e+00,1.169967087335233025e+00,1.230486110875361971e+00,1.308664447182447121e+00,1.231642479010566227e+00,1.305658026884370937e+00,1.263400675415442986e+00,1.242078621902039659e+00,1.219733673767585458e+00,1.251611882636322948e+00,1.260873084074366934e+00,1.255087385965666380e+00,1.230453939494201787e+00,1.222571805446712290e+00,1.279412825087645533e+00,1.240593587337487147e+00,1.209376445329550132e+00,1.219238188262721678e+00,1.239893678143798583e+00,1.260277326404939613e+00,1.248457209928555800e+00,1.223506612812221839e+00,1.251176668387608881e+00,1.162973805276371619e+00,1.228637963650952125e+00,1.227945958349352384e+00,1.250923874522099410e+00,1.273304511031774000e+00,1.245517662805007530e+00,1.232220483235259678e+00,1.218243147219136180e+00,1.228946394536173159e+00,1.229041881381146117e+00,1.274208160403906609e+00,1.361053979222854426e+00,1.361053979222854426e+00,1.249424282874915804e+00,1.243359421347064675e+00,1.224076921863768819e+00,1.205219281769220663e+00,1.209259516549071378e+00,1.220376274546795869e+00,1.316036288335501014e+00,1.211966932441056688e+00,1.248440945531316792e+00,1.194818202385866668e+00,1.244222574292524808e+00,1.244119862894374595e+00,1.264063978481255290e+00,1.240218380737703630e+00,1.247544893848658187e+00,1.222561154518001292e+00,1.231398962539343778e+00,1.235093725511493767e+00
1.321763621444350889e+00,1.221010077529907312e+00,1.204809811951857546e+00,1.229921737394417125e+00,1.244674797843912772e+00,1.285689557743382672e+00,1.299458977115434788e+00,1.235958269651629138e+00,1.301702132787924793e+00,0.000000000000000000e+00,1.225917930738651851e+00,1.162219013261563738e+00,1.222984977173280585e+00,1.320617941169548004e+00,1.218223855003602862e+00,1.164157035133481122e+00,1.252090672158104434e+00,1.198143510974658099e+00,1.196092349723452797e+00,1.220165214493937000e+00,1.321236289058893565e+00,1.218231502325104243e+00,1.230238669441831911e+00,1.222940516444378956e+00,1.202195185789229681e+00,1.198887781137848663e+00,9.861792250585555974e-01,1.257798560381424569e+00,1.205217311028921490e+00,1.191414613861198957e+00,1.205647915079367749e+00,1.236373929212029266e+00,1.215895098135146846e+00,1.231864871906420689e+00,1.213580544271943840e+00,1.205281610660032587e+00,1.215868783899825001e+00,1.170002984330043461e+00,1.190900990095894452e+00,1.175481399046159225e+00,1.180990332208811555e+00,1.191255514211030153e+00,1.235174002664614523e+00,1.196140552558547121e+00,1.210822307662146935e+00,1.226605416588204545e+00,1.174058701164091056e+00,1.142196769900225339e+00,1.233660096117523919e+00,1.227619407035902555e+00,1.304199595692498992e+00,1.341455061723589859e+00,1.341455061723589859e+00,1.244062611014638220e+00,1.241171688700432929e+00,1.190869613883716704e+00,1.185060485545325060e+00,1.212054460361432273e+00,1.196446175678239410e+00,1.235999089576864218e+00,1.220619823196448461e+00,1.249473518685602302e+00,1.221945174673696233e+00,1.198718752235834462e+00,1.231222437666591674e+00,1.293551327812123564e+00,1.271192464105187714e+00,1.194906700833104018e+00,1.169865530144776677e+00,1.225141120341585177e+00,1.194049571233992912e+00
1.299068863200102175e+00,1.265031759709274839e+00,1.239548472869821616e+00,1.200802027276937078e+00,1.238916547473450924e+00,1.194259126752783340e+00,1.284037675506106035e+00,1.213140604776877129e+00,1.273101208073729618e+00,1.225917930738651851e+00,0.000000000000000000e+00,1.137511428437462335e+00,1.257277429594549689e+00,1.317616719030708428e+00,1.167558885734503837e+00,1.195405589884002806e+00,1.268242969117674201e+00,1.257634620664857428e+00,1.186229289667454001e+00,1.184765458969047947e+00,1.334554503032544970e+00,1.205809737734158782e+00,1.269242828361998310e+00,1.228506441639279023e+00,1.187875488973581861e+00,1.105300803111020969e+00,1.211411773672632863e+00,1.260517007421608326e+00,1.249414289782941223e+00,1.135717824338720483e+00,1.183727840622607275e+00,1.238682701532912933e+00,1.226590249375069108e+00,1.223057311947518100e+00,1.183898390318826932e+00,1.204083036266193174e+00,1.257542945647280197e+00,1.208086724115816191e+00,1.200077475769298019e+00,1.219783050810976821e+00,1.238563939711443185e+00,1.153350443521862667e+00,1.210341764593430236e+00,1.215385670758768910e+00,1.252570425850288327e+00,1.116892357786614998e+00,1.146605644093422249e+00,1.150314306147145693e+00,1.219202960115389756e+00,1.136767631393752254e+00,1.241362156323729371e+00,1.359989596115738220e+00,1.359989596115738220e+00,1.218699231393695293e+00,1.070478835436199594e+00,1.188737614036899481e+00,1.153068831193679200e+00,1.203512502633755421e+00,1.151346255988643597e+00,1.268287395715259169e+00,1.183544137522025919e+00,1.210642177188774760e+00,1.183307922163331138e+00,1.233045543617033113e+00,1.240723240422234364e+00,1.272070204015192552e+00,1.237105529470347021e+00,1.206576809305353271e+00,1.159848667860178262e+00,1.208933874125529329e+00,1.212194718594533427e+00
1.312193191771988898e+00,1.183776476066928485e+00,1.101420508584434188e+00,1.063845184800450649e+00,1.216372640478724731e+00,1.252764506570057446e+00,1.260012579746055295e+00,1.185815303298152656e+00,1.230744577819429031e+00,1.162219013261563738e+00,1.137511428437462335e+00,0.000000000000000000e+00,1.226137352674671499e+00,1.265910316918951617e+00,1.109830340022011530e+00,9.660235883531598233e-01,1.180779649154545030e+00,1.166014252346569524e+00,1.072294209142356181e+00,1.134418825322653479e+00,1.276081419088031410e+00,1.118148376495323948e+00,1.237928640956732051e+00,1.186038227653356092e+00,1.089362571409189240e+00,1.142807234668322236e+00,1.129038415117756156e+00,1.230925444048090789e+00,1.118716688670027937e+00,1.080083343850367195e+00,1.065295191704881628e+00,1.210697526596399953e+00,1.174576035533585916e+00,1.150324704630936612e+00,1.144301615218203727e+00,1.186408515209166570e+00,1.146065262603267243e+00,1.137407551226804037e+00,1.035800160847532236e+00,1.148133059145483248e+00,1.182869498995433588e+00,1.040221053636370074e+00,1.158191588214297907e+00,1.076246834435674149e+00,1.227518591342312559e+00,1.093038331360493887e+00,1.109445182296372012e+00,1.105001585506859563e+00,1.120616228217846011e+00,1.125855202339822281e+00,1.252976311812648014e+00,1.344131310567910909e+00,1.344131310567910909e+00,1.120742937377890769e+00,1.181648394615974373e+00,1.080963672519220653e+00,1.055733850849344790e+00,1.088166978767579618e+00,1.143460481885270719e+00,1.084126348631595960e+00,1.115493887055657218e+00,1.180968195209537441e+00,1.050606142818054645e+00,1.189625247955027554e+00,1.216631512336363574e+00,1.260739687395265651e+00,1.205746878322861093e+00,1.157583865056223349e+00,1.059621908725649986e+00,1.042537191220372028e+00,1.048890225594410364e+00
1.317727507128529485e+00,1.275235498046202620e+00,1.071684024343414032e+00,1.231102784962829322e+00,1.295743321282935900e+00,1.280337352987750199e+00,1.286205963616283254e+00,1.269444621536856888e+00,1.274682454069455240e+00,1.222984977173280585e+00,1.257277429594549689e+00,1.226137352674671499e+00,0.000000000000000000e+00,1.354937474783166396e+00,1.220557217125547433e+00,1.235536082022040461e+00,1.262459909974338768e+00,1.272815385128777788e+00,1.251296184959421742e+00,1.227466713743263327e+00,1.337446213693677111e+00,1.230524450563142747e+00,1.278911049988156190e+00,1.272332855101330651e+00,1.263234989077901771e+00,1.227604706708447457e+00,1.226280632059605580e+00,1.297282710853311594e+00,1.280997218999897491e+00,1.171418005302699461e+00,1.237964245534111329e+00,1.249591564070668737e+00,1.227071061659337214e+00,1.252917064700353356e+00,1.258292811545743906e+00,1.231973088637357661e+00,1.279774736196189755e+00,1.243492918105285394e+00,1.212348182475228908e+00,1.248628024743511977e+00,1.225241102085849576e+00,1.230523701306088347e+00,1.151002122210315726e+00,1.250478947681547881e+00,1.265329727798250037e+00,1.210771507701280614e+00,1.229516139084120718e+00,1.221405386023034279e+00,1.119172675487015045e+00,1.247057661604114909e+00,1.303727666237187943e+00,1.317840594733604931e+00,1.317840594733604931e+00,1.282285061547741689e+00,1.256210312909692428e+00,1.249868223417188728e+00,1.228606344696030472e+00,1.255028590035038416e+00,1.229474209842494448e+00,1.262321582750046467e+00,1.250913879975140919e+00,1.248907620536986895e+00,1.263496353777987746e+00,1.244833239302671979e+00,1.258669027816455843e+00,1.291555379216358324e+00,1.270729681283520263e+00,1.247118784959639015e+00,1.238693689963519917e+00,1.253114458047295043e+00,1.247289343759897973e+00
1.303059841480754599e+00,1.311846552748569206e+00,1.334113467353898352e+00,1.300859035766104954e+00,1.350694296525839055e+00,1.345651954856883714e+00,1.326185601401975722e+00,1.298876255055676943e+00,1.314985860632096770e+00,1.320617941169548004e+00,1.317616719030708428e+00,1.265910316918951617e+00,1.354937474783166396e+00,0.000000000000000000e+00,1.312515085608694232e+00,1.289214534307321358e+00,1.284617323776534370e+00,1.312060299066617475e+00,1.289890947689301681e+00,1.316466857224610987e+00,1.337215386263501227e+00,1.295859580109307130e+00,1.344612840825043509e+00,1.317737045451798261e+00,1.298281402571365817e+00,1.304793263730813502e+00,1.317560698176841072e+00,1.236657126947988017e+00,1.259834896607572752e+00,1.311647552030851482e+00,1.290567979596348058e+00,1.329089585451374678e+00,1.313976712968544902e+00,1.296853393391742104e+00,1.293632910081339071e+00,1.318035813117039323e+00,1.292396781698565977e+00,1.316312324173959825e+00,1.307036645784412254e+00,1.311138985198234241e+00,1.319847977093514535e+00,1.288083909364931667e+00,1.303045394499801279e+00,1.318045365104191902e+00,1.289656431132877978e+00,1.297797845186345889e+00,1.310856132662620910e+00,1.282410243519837234e+00,1.320182604317978292e+00,1.322993850142369698e+00,1.312074323693046995e+00,1.345474074096735251e+00,1.345474074096735251e+00,1.283126009606557760e+00,1.321300270381837061e+00,1.302146034928382434e+00,1.284244756526215836e+00,1.293932952311472206e+00,1.276955005758396045e+00,1.279442608083836808e+00,1.306217763067659021e+00,1.309113831193872590e+00,1.272529683980692550e+00,1.314688243986053662e+00,1.317791798986337470e+00,1.331368749274595364e+00,1.325067210654260252e+00,1.276987946667431206e+00,1.296817890905939130e+00,1.279255107056569640e+00,1.305328766610017288e+00
1.299729960692451280e+00,1.173270673525457441e+00,1.010349871211308814e+00,1.180338737107959446e+00,1.185301511496234195e+00,1.207211523635368877e+00,1.258992634349680007e+00,1.216304158792836043e+00,1.238157835485963476e+00,1.218223855003602862e+00,1.167558885734503837e+00,1.109830340022011530e+00,1.220557217125547433e+00,1.312515085608694232e+00,0.000000000000000000e+00,1.037837729012005328e+00,1.239151854359119120e+00,1.226910861763384819e+00,1.135335521635032485e+00,1.116469105091320024e+00,1.285130955982984657e+00,1.109771991690829296e+00,1.260980967981606193e+00,1.200795667696251678e+00,1.149077340479508269e+00,1.027935740321012537e+00,1.116719913310687096e+00,1.223333169295368394e+00,1.218289831140652479e+00,1.112365773219929244e+00,1.020297369836035362e+00,1.199331488162814763e+00,1.150921557394803063e+00,1.155513420428998739e+00,1.149595565457578683e+00,1.180992887549136006e+00,1.175682604896183037e+00,1.186199806741379481e+00,1.039502370253212016e+00,1.186486383484924856e+00,1.175066995244638868e+00,1.089025615278986336e+00,1.113188521660552377e+00,1.106122303114784655e+00,1.226483160561294250e+00,1.081726411685724587e+00,1.117731977383072950e+00,1.001208401852728747e+00,1.068072556334588974e+00,1.132319789163441559e+00,1.199464744478398126e+00,1.349376051581789637e+00,1.349376051581789637e+00,1.116256493396408089e+00,1.102059543611553227e+00,1.084684039423730706e+00,1.083430234826304517e+00,1.034885414502331180e+00,1.089233609711891315e+00,1.186209872526603482e+00,1.104713201105785414e+00,1.159640006992210370e+00,1.116861046541166358e+00,1.129789947307842990e+00,1.163392879001465152e+00,1.194227658629013922e+00,1.196616160200336898e+00,1.173015539559223441e+00,1.069255559559329383e+00,1.126438412796367139e+00,1.113314200127460296e+00
1.299544578843488729e+00,1.066090170335292742e+00,1.055588408543034928e+00,1.162704114204859529e+00,1.206975911767774745e+00,1.247105542635691178e+00,1.235583963697954202e+00,1.132148142971477700e+00,1.212588525089663083e+00,1.164157035133481122e+00,1.195405589884002806e+00,9.660235883531598233e-01,1.235536082022040461e+00,1.289214534307321358e+00,1.037837729012005328e+00,0.000000000000000000e+00,1.141295619711861553e+00,1.142039735577216275e+00,1.067384250827204673e+00,1.137211430251193756e+00,1.260115435608683443e+00,1.083843351015904011e+00,1.252124804775983868e+00,1.175434364536070087e+00,1.157154010936928934e+00,1.131768241198795932e+00,1.028461027625578783e+00,1.128587581244160365e+00,1.142109985843897002e+00,1.160928596454511741e+00,1.075692441864437576e+00,1.080489710548407922e+00,1.120196347619989208e+00,1.084025058159163724e+00,1.139276554209951886e+00,1.184578560308010786e+00,1.023270965708761304e+00,9.827206992701417176e-01,1.100504559226925361e+00,1.188372969804615487e+00,1.179502606477049298e+00,9.451855355350383681e-01,1.156220379531141873e+00,1.072715056692940427e+00,1.042916503434244024e+00,1.097036912146540422e+00,1.060582286188631596e+00,1.043460367594938765e+00,1.149409348128955566e+00,1.037837434647294721e+00,1.220725835572583184e+00,1.351557738195812819e+00,1.351557738195812819e+00,1.071872602401252594e+00,1.113757442720311852e+00,1.104592839783924418e+00,1.004870747676536169e+00,1.050247287241100391e+00,1.069459783232296957e+00,1.087754703029126135e+00,1.135096460919066574e+00,1.175544890448564361e+00,1.130945537874176177e+00,1.183993028611795451e+00,1.200543861864657558e+00,1.255197513403732090e+00,1.241306680018143815e+00,1.025517910481123840e+00,1.092045239744799501e+00,1.001073482009120275e+00,1.042116630706037217e+00
1.272170031619733521e+00,1.225990185937494870e+00,1.240154645834063096e+00,1.231703634045421714e+00,1.211109383680847085e+00,1.261827154923945704e+00,1.274628807788745766e+00,1.211214012266456308e+00,1.220118291407881639e+00,1.252090672158104434e+00,1.268242969117674201e+00,1.180779649154545030e+00,1.262459909974338768e+00,1.284617323776534370e+00,1.239151854359119120e+00,1.141295619711861553e+00,0.000000000000000000e+00,1.230858563113987003e+00,1.178590683595600819e+00,1.243968127056312989e+00,1.281934297667480349e+00,1.195582695137276996e+00,1.285230220491759612e+00,1.229483349664314717e+00,1.198537826442821252e+00,1.216601465397222581e+00,1.209083027185294368e+00,1.241621855172382771e+00,1.219135662612246929e+00,1.216552234583345493e+00,1.201037852571954057e+00,1.239746298001644487e+00,1.205093797351735496e+00,1.201050472283407222e+00,1.243672014881099130e+00,1.226158881044487226e+00,1.185548556014385913e+00,1.212704133703287557e+00,1.215005491717809916e+00,1.226917158153215226e+00,1.222364118633578078e+00,1.186754806825739195e+00,1.235612872954602315e+00,1.205916717237759617e+00,1.238356756350062371e+00,1.211465128776529676e+00,1.203126767378959183e+00,1.183339340263350081e+00,1.231204811736584137e+00,1.261466690053857587e+00,1.271930908066479349e+00,1.325122037934792774e+00,1.325122037934792774e+00,1.220405568534814744e+00,1.235416755820314405e+00,1.207728176988868585e+00,1.145468092588439735e+00,1.168259046364294118e+00,1.200615007531190104e+00,1.239423705337616477e+00,1.202257687111013107e+00,1.250677522710432088e+00,1.203545926599355109e+00,1.220424207693646901e+00,1.232556214631148395e+00,1.274970127439109202e+00,1.251743789848802191e+00,1.168332498556820198e+00,1.189779083014152139e+00,1.169123578673090025e+00,1.201379314713406421e+00
1.317235992830471991e+00,1.214780740053965857e+00,1.200422186945839353e+00,1.135380203142458466e+00,1.231536899728222778e+00,1.293739879074061294e+00,1.272615888228427528e+00,1.230046697649664900e+00,1.250065586728000389e+00,1.198143510974658099e+00,1.257634620664857428e+00,1.166014252346569524e+00,1.272815385128777788e+00,1.312060299066617475e+00,1.226910861763384819e+00,1.142039735577216275e+00,1.230858563113987003e+00,0.000000000000000000e+00,1.196511801817012888e+00,1.237766749747937656e+00,1.123204852349533045e+00,1.163262483446429130e+00,1.253113534044416166e+00,1.138208221198391934e+00,1.202309545108607436e+00,1.205215231910342188e+00,1.194432872075398722e+00,1.242209846155193365e+00,1.234790245381228946e+00,1.132720196744585017e+00,1.210997195303442187e+00,1.223016325022419748e+00,1.158572968609625997e+00,1.190205897680612690e+00,1.220290510994006761e+00,1.251036599297528307e+00,1.166105683118452863e+00,1.215548436976223057e+00,1.190094013202596113e+00,1.221368254800597519e+00,1.185899372689615872e+00,1.160352007530033092e+00,1.229246720462525921e+00,1.200423551833189162e+00,1.247958858891045297e+00,1.218771993783738017e+00,1.147402660084797965e+00,1.165825706405760886e+00,1.194984570813925506e+00,1.218606523015997700e+00,1.269998084522156123e+00,1.354898614291154546e+00,1.354898614291154546e+00,1.204315106421018911e+00,1.240121693299490513e+00,1.195840447881645119e+00,1.163915128936572785e+00,1.173174096739960870e+00,1.221104256498884766e+00,1.233502324246850135e+00,1.196852347602564315e+00,1.253937360965985182e+00,1.202008409033161529e+00,1.232014182582255923e+00,1.258352112951856450e+00,1.290244004088872742e+00,1.258723192042764394e+00,1.102773537063214571e+00,1.187605533769668709e+00,1.195792108890181504e+00,1.178145376786972287e+00
1.285892414135110240e+00,1.093887528163363321e+00,1.145971724567695915e+00,1.120193514550282154e+00,1.154397047495060002e+00,1.244492258134140661e+00,1.209379192961908212e+00,1.213422372146282235e+00,1.169967087335233025e+00,1.196092349723452797e+00,1.186229289667454001e+00,1.072294209142356181e+00,1.251296184959421742e+00,1.289890947689301681e+00,1.135335521635032485e+00,1.067384250827204673e+00,1.178590683595600819e+00,1.196511801817012888e+00,0.000000000000000000e+00,1.150476131295091520e+00,1.268544541260918868e+00,1.126381984305519390e+00,1.222610204026660430e+00,1.145090553726081817e+00,1.134067764709514536e+00,1.138970595468088876e+00,1.100413742246338256e+00,1.220943873334468632e+00,1.146906225999918538e+00,1.086517528996077786e+00,1.123417724806054840e+00,1.191632604056719114e+00,1.179217690943036301e+00,1.174278245404977161e+00,1.148279508778966340e+00,1.160751435572351387e+00,1.092509495672394859e+00,1.138688504704169269e+00,1.124368562144313577e+00,1.185808030463560536e+00,1.183875478609461185e+00,1.117739969485471274e+00,1.181369780372910183e+00,1.042153372536475109e+00,1.200506991100094512e+00,1.194983478105190011e+00,1.133809717600358091e+00,1.076823384592455746e+00,1.183279414265365981e+00,1.177555783944274514e+00,1.236469929867766826e+00,1.358630328748420490e+00,1.358630328748420490e+00,1.184083543521695203e+00,1.219621754316572604e+00,1.109605292370684504e+00,1.056688949510379283e+00,1.117295764386419643e+00,1.165376354373012235e+00,1.252192413794642301e+00,1.124788336414259904e+00,1.213311235996491488e+00,1.117324524207730096e+00,1.162058934829013568e+00,1.200071907394469450e+00,1.170687917562803326e+00,1.204132773938778156e+00,1.129788381451063195e+00,1.026382629660910428e+00,1.162718590861878898e+00,1.070255215536820570e+00
1.307493808052220929e+00,1.122304170331071660e+00,1.189867134373060020e+00,1.138205804379568198e+00,1.222952884391928841e+00,1.232863150307370370e+00,1.257465780664015043e+00,1.223440728837607017e+00,1.230486110875361971e+00,1.220165214493937000e+00,1.184765458969048613e+00,1.134418825322653923e+00,1.227466713743263993e+00,1.316466857224610987e+00,1.116469105091320024e+00,1.137211430251194422e+00,1.243968127056312989e+00,1.237766749747937656e+00,1.150476131295091964e+00,0.000000000000000000e+00,1.301521098305523871e+00,1.176420732371552536e+00,1.275259966092046504e+00,1.200887415075423847e+00,1.162039228574898830e+00,1.089820993436827479e+00,1.199874152646970504e+00,1.228973083330654914e+00,1.215184343271710876e+00,1.149104810629051787e+00,1.095053968843253900e+00,1.218639246937683440e+00,1.191107616712234307e+00,1.194772613195698607e+00,1.125765946457345290e+00,1.105234669219183230e+00,1.181541192929141504e+00,1.107329458847395198e+00,1.099510416416811021e+00,1.190261249839926538e+00,1.170840843192258340e+00,1.160470007556397842e+00,1.129573457101438638e+00,1.106947171777551420e+00,1.237958937525823977e+00,1.115638999830424805e+00,1.124582566609776180e+00,1.092922918781854547e+00,1.173887819473452110e+00,1.191826050170729623e+00,1.248893667118561979e+00,1.357441337220304245e+00,1.357441337220304245e+00,1.157141781828908478e+00,1.165137554819930532e+00,1.105613340093636543e+00,1.067347337749960934e+00,1.116508310821466177e+00,1.097184941186998275e+00,1.266185219401720241e+00,1.092786202883800017e+00,1.143036179998294433e+00,1.136687437219494834e+00,1.173842570052092915e+00,1.180259944156110796e+00,1.266525765687684935e+00,1.150288374647277623e+00,1.175960965771550626e+00,1.095912512280434070e+00,1.122385192010340260e+00,1.130372183691851218e+00
1.355604750689002325e+00,1.298147146918279260e+00,1.296368195399529633e+00,1.293313768386907592e+00,1.292991615827601581e+00,1.315435541465683311e+00,1.311805073809470645e+00,1.298064824372308745e+00,1.308664447182447121e+00,1.321236289058893565e+00,1.334554503032544970e+00,1.276081419088031410e+00,1.337446213693677111e+00,1.337215386263501227e+00,1.285130955982984657e+00,1.260115435608683443e+00,1.281934297667480349e+00,1.123204852349533045e+00,1.268544541260918868e+00,1.301521098305523871e+00,0.000000000000000000e+00,1.262318597921204821e+00,1.343025919687639735e+00,1.254276152244431008e+00,1.294498420390791438e+00,1.293689825338979693e+00,1.310886476841599535e+00,1.252894153110712505e+00,1.295562739848178602e+00,1.278045532537097406e+00,1.293158311148277839e+00,1.289755527839839599e+00,1.282242133922020244e+00,1.259211750011562270e+00,1.302727995400434491e+00,1.320879144956802254e+00,1.245946022640002759e+00,1.273895071713860627e+00,1.293788006940286950e+00,1.306398121702284421e+00,1.283279851566272667e+00,1.251112356562946060e+00,1.300859179604640925e+00,1.282495100780436381e+00,1.297196977035782739e+00,1.289481017672587271e+00,1.282558538031037809e+00,1.269509492408702034e+00,1.301469581442700862e+00,1.298789121534046576e+00,1.333281072801077993e+00,1.353389528890659665e+00,1.353389528890659665e+00,1.277272224091057007e+00,1.315119117984071107e+00,1.273514904501205525e+00,1.253104510817015571e+00,1.256890500156401691e+00,1.288376308126524261e+00,1.330565934468577183e+00,1.270678414928972044e+00,1.287319694814563098e+00,1.269046213651586097e+00,1.300450409635914184e+00,1.324167332291866561e+00,1.317894481148991881e+00,1.324973937592162088e+00,1.274680388961736854e+00,1.270341965966181874e+00,1.258366110011317929e+00,1.285822674450157077e+00
1.312422720271213539e+00,1.189685607900498931e+00,1.180511395413381681e+00,1.188991889817800018e+00,1.193049908846475438e+00,1.255020441150797694e+00,1.248034253103123215e+00,1.167077850889962853e+00,1.231642479010566227e+00,1.218231502325104243e+00,1.205809737734158782e+00,1.118148376495323948e+00,1.230524450563142747e+00,1.295859580109307130e+00,1.109771991690829296e+00,1.083843351015904011e+00,1.195582695137276996e+00,1.163262483446429130e+00,1.126381984305519390e+00,1.176420732371552536e+00,1.262318597921204821e+00,0.000000000000000000e+00,1.260118697568718638e+00,1.139002443533167375e+00,1.085301208274847884e+00,1.136159080561114143e+00,1.153083883602600501e+00,1.151558176406420664e+00,1.195428881930845622e+00,1.180871268370013105e+00,1.017314134096427791e+00,1.223729789197180118e+00,1.136440465935216082e+00,1.139016102989968582e+00,1.103093267552500256e+00,1.194683206778001772e+00,1.130876821593416626e+00,1.134720905031256333e+00,1.109630529334248772e+00,1.188654719985809738e+00,1.123896457657436843e+00,1.136907158341608604e+00,1.150802503839476909e+00,1.074625913299975810e+00,1.209954381256179046e+00,1.124040759322563643e+00,1.129795224745037574e+00,9.882705694906260829e-01,1.140826891822462441e+00,1.187341579698594218e+00,1.222909879390052801e+00,1.370711398431278871e+00,1.370711398431278871e+00,1.074320326614557120e+00,1.100211123498199717e+00,1.104463331440571183e+00,1.018792240459749587e+00,1.083583656549897301e+00,1.144107537539311492e+00,1.253623843981339414e+00,1.118597119547188878e+00,1.177859972160017810e+00,1.082777024357421292e+00,1.176932432200581635e+00,1.195881413369639379e+00,1.267661308016673205e+00,1.207067786701756074e+00,1.147061999638214536e+00,1.040702736449746313e+00,1.131212327222868019e+00,1.116837662034858791e+00
